YANDEX_COOKIE="yashr=7129528521756816661; _yasc=dGE0BvxA/WWHvloRBelxtivJsvZehln6yE8dxcBb4zsI37xKsf7Zq/fjbXohYX231JIQ+7gc+1f5.MTc3OTI2ODMzOTI3Nw==; i=0zPBS6gHlvJHJWUzuSYgQJO98YYB4xBeS829WG8r6nGjghMYmb45dIl0Hf9RndM7MrcWJ0YO+r3/SNHJY3bMsliqkqw=; yandexuid=1394094801756816662; bh=YIfE/tEGahfcyuH/CJLYobEDn8/14QzH4PGOA+CdAg==; ymex=2072176665.yrts.1756816665; _ym_uid=1756816645360821718; _ym_d=1775277874; yuidss=1394094801756816662; yandex_login=kglad07; Session_id=3:1782555144.5.1.1756816762732:n2KuXw:4b64.1.2:1|1130000069839751.-1.0.3:1756816762|2010535405.-1.2.2:14598737.3:1771415499.6:2098092870.7:1771415499|3:12001876.682913.MyvsGYbIrK_3ZT7tVdbfE2moeoU; sessar=1.1908701.CiBSspQMc4F8BFvyXN4oUab4qXVJOAG1VVshVzEfcVMzuw.6eG3vbYhDqbXd0olChCrv1VPn-XCTFLbTUtB7tA8KZA; sessionid2=3:1782555144.5.1.1756816762732:n2KuXw:4b64.1.2:1|1130000069839751.-1.0.3:1756816762|2010535405.-1.2.2:14598737.3:1771415499.6:2098092870.7:1771415499|3:12001876.682913.fakesign0000000000000000000; L=dzVhcmRmdl13W196AX1nUQlORkAHBFx3HAsIOV1ETw==.1771415499.1722803.346832.9f7c9dbd03f6721d1e8ecd6426ca3349; is_gdpr=1; is_gdpr_b=CMPkQhC4igMYASgC; skid=5848957041757878073; amcuid=7917543181758233185; yandex_gid=971; my=YysBg8sA; yp=2086775499.udn.cDprZ2xhZDA3#2086709570.multib.1#1779443595.szm.0_8955223880597015:2144x1206:2088x1057; pi=VEd3FuWfzgx81yVFFTsoerqtzDr0xmFviZbZny6pDPvbubcr7OaJhBwn5M1fdjKDtOm/egBo4SlYJdNYWs8mwGSOWGg=; gdpr=0; ys=udn.cDprZ2xhZDA3#c_chck.58752547; maps_session_id=1769089921196948-1591881931565346904-balancer-l7leveler-kubr-yp-klg-19-BAL; yandex_expboxes=1467536%2C0%2C87%3B663874%2C0%2C22%3B663860%2C0%2C47%3B1257223%2C0%2C93%3B1453724%2C0%2C76; device_id=a81fb4318cf8c39c44b3eb54c59813feb7ff44c8b; active-browser-timestamp=1763070135607; CONTEST_LANG=en; Contest_session_id=biQiJGRkdKu8NtgSrhvJUiosJCsLpyecbBhVsvaRmY9.9869468.1782639332119.SeeyM2gMzLRKZV9RUi_TFXQoewr05h8OHfTImPhbUNU; Contest_update_user_info=1"
START_ID=94000
END_ID=95000
MAX_WORKERS=15